student01 8 8 83 13 53
student02 28 45 73 18 9
student03 0 48 84 77 95
student04 81 12 99 78 37
student05 67 33 67 57 63
student06 79 1 91 2 98
student07 96 34 32 56 0
student08 24 23 16 99 73
student09 73 93 100 53 71
student10 78 83 21 14 26
student11 82 97 85 75 85
student12 46 4 76 75 39
student13 7 21 65 92 2
student14 37 13 14 2 18
student15 56 1 49 1 51
student16 61 24 57 58 75
student17 83 84 46 57 29
student18 22 36 9 18 15
student19 95 87 21 79 49
student20 68 28 4 10 38
student21 47 88 84 4 80
student22 15 22 41 46 57
student23 80 68 65 57 18
student24 65 14 42 18 92
student25 37 73 82 62 24
